303.53926447164764
314.70366279644196
274.85135451336276
274.6225112695282
242.68653312134379
242.82921972189664
266.9871231875345
231.81592325086763
313.87858954921853
196.9724644940734
265.82844868028883
250.41876498717227
306.4571569181016
268.9404599097729
270.26450645336274
267.82370828976957
216.95386272600518
287.32115819448825
317.9448631469039
293.51696655099215
307.8571479683472
240.96694566175645
269.0317751384485
295.45019071296866
301.97364077760466
361.62531642496293
286.72661387109105
319.64289501405034
261.85113113108196
236.5057636069134
253.47164912046514
313.9829818893063
352.3575777314439
291.8217019810165
296.08457925717363
311.4753116468044
286.41066909484607
270.49803267058667
282.2564967544984
321.5725144847032
313.85662189040954
291.3383421134467
282.95438135560994
322.4625098294273
289.7980998432279
232.68977759787202
312.07406002299854
328.6651037072941
401.8948738098467
312.852181820508
367.9952273194002
376.8708149333425
349.5351481948535
249.52538262195378
290.1141809835639
311.36056443592764
251.5434333712643
335.20593109247886
314.4340707224168
307.14195722995174
274.53459283307865
346.49009567909934
309.5443303044205
363.3206937482507
361.6693628152573
425.1267264924827
265.163635239377
339.5778864262007
388.4935839400162
245.74584327298564
321.0441530777888
324.81886700307615
318.54765132673526
339.1251354542685
318.5516133458045
333.0030779347215
347.25520176511355
330.6105896836138
351.81624909488653
303.71174345338125
371.59497782503627
375.60616335266843
376.6115617324533
294.50328845157503
392.5758327224829
