0.05433790757926733
0.07056411895013237
0.08406732083643541
0.09572209080828471
0.10997263975411317
0.11808237578659676
0.14040353744015752
0.1688139041503568
0.196451266015159
0.2168083629925873
0.239460209663229
0.255213815927343
0.2645530691467846
0.29598089363664404
0.3146763574377793
0.34024572248190876
0.3609722450924314
0.3865380649705653
0.4027823237887128
0.4263185977166678
0.44387035772063754
0.4567549178804181
0.4861902132140534
0.5077698794316354
0.5215104929091346
0.5351395495439852
0.5406327050056331
0.5542299916580725
0.5716277645166271
0.597799216124722
0.6133006117813047
0.6292720683261873
0.6391671025122406
0.6508124063510715
0.6709734309554405
0.6822533900270711
0.6912396470040718
0.7068586174557088
0.707727431536469
0.7195317297312518
0.732630225648277
0.7433744542004033
0.7463397475021499
0.7484481180765062
0.7613197329960194
0.7719968815445349
0.782994653584711
0.7952843561033807
0.8046802054729454
0.8122642513713904
0.8210926044393315
0.8277596829215481
0.8351091362286466
0.8451297425509878
0.8495197187180503
0.8573090473085574
0.8665434036416501
0.869696983212367
0.8779222761522774
0.8845474498067241
0.8909868369873032
0.8962254496019322
0.8983406068084153
0.9046737936749678
0.9111214557091445
0.913844325234587
0.9155903503956966
0.9203680756550626
0.926873393596186
0.92794729930416
0.9323436979087525
0.9376327536009017
0.9387057172292564
0.9427244647416024
0.9445519494861302
0.9445753716470852
0.9451250509971684
0.9463366062548247
0.9498044198319389
0.9523211480646552
0.9530636361082191
0.9548218881689239
0.956740358765336
0.9594372628133782
0.9615344588261449
0.9633335074180961
0.9648478473059751
0.9671017222478963
0.968986186601787
0.969947227143437
0.9707576947175793
0.9713964297655333
0.9738235533121478
0.9750451788930428
0.9758785756011614
0.9766184326528534
0.977555227381525
0.9778708890364749
0.978969032670699
0.9791891830612264
