182.79517101080464
445.32681942580103
111.41727065113481
244.71781329996773
183.4961772703134
265.46773060530427
170.5648735401577
60.46333966441081
97.74582590095513
353.21584497004153
282.5118814236342
203.88035132663995
147.7389312806896
314.03613028437957
181.48652533099425
153.72351778112815
262.66285438477615
258.6385708552993
251.05321538219013
125.39541787960195
205.3439608882216
517.5985775186202
190.65339065261102
154.99904918788
174.6445370025883
302.6419936834344
406.9596532656801
512.201224428352
260.54509498540995
219.66889144064695
125.77806159304963
113.66097722151056
175.8633796927226
453.35746648164024
240.5124889618769
173.05529435069215
149.00401662079807
201.94497345646127
243.0482912447641
303.4349362111553
38.47857994356762
300.8074318051172
92.89072164485553
158.47473068114522
161.37678653185364
164.0552016940327
334.3381889874465
477.53803530520133
117.69240257777389
409.7199106081915
514.6805821017035
496.47706278098195
292.3017122999514
126.20372864293505
269.6423371806818
182.69889898289134
232.41154708960715
170.02175843884282
488.14896894074803
201.90786170945626
364.70351008928674
399.0840503309032
340.94521613658316
309.66042325054053
282.60121140179797
304.7037872935385
290.0914931591187
256.7297869576312
174.12300207594265
427.5764029831763
308.7330903671154
184.84747264472523
129.99818524632238
231.0559548936719
281.73658095003793
312.20717035505527
151.50953560621457
271.15146262536234
261.68897236457923
314.6247055688953
313.76766081602597
184.85571523636534
262.8662024357403
389.9797771191416
294.33044711278046
235.64243025345544
138.5781370576485
317.96829140739476
104.495690014161
294.61653519445605
262.25839518475425
427.000982516344
159.31102332293202
142.70196023451024
427.9542639931893
224.11885697856576
453.18332721565923
187.21235109217926
235.3410138845809
149.3547020192389
225.65889157887344
439.81692500026827
258.84675093045337
222.15590782480356
343.45040855542453
155.93101839122136
205.8761864887895
130.79703636115502
496.2754398329603
222.3497747058179
281.0624608371338
500.8330772106509
433.43449972585023
391.4621103214758
138.0207107155277
521.0931531399822
521.2034045488507
91.85095147215141
258.987552033684
176.6181046887267
236.50071494767533
372.45514504898324
230.94039793871517
460.1239130817604
284.202055637676
360.1946614949287
383.92275964775786
234.71277720114867
285.9595721179116
159.73920194292558
252.16088535302535
236.65305471033776
367.4527529915483
226.47985443990567
110.283784982484
271.86810589734534
230.42250957022029
302.9936469979649
364.42732121368545
100.18701362505604
232.63018057136384
240.05860771194278
536.3456313371215
180.2004065029973
380.3790651158585
382.79979489604824
385.8036998844717
384.3351711288238
241.76735953700742
199.5855902367085
170.30456760739548
214.22582908042577
419.44994760516187
314.42306733338717
394.08795618683985
228.00433901518613
280.0411731795943
314.7382871571113
98.95656038718451
224.80336164756966
170.99318221215245
112.31804278235728
352.6504231849791
374.5214904590347
400.2924272365316
223.94573971403557
149.03151558061137
332.95850512621314
233.51996470108975
280.67203033201395
128.88952116703828
228.7967144161222
215.0353242243204
183.58115153149228
409.13768322800036
130.4376628878172
444.0071465518279
443.31628603240864
360.4571045337125
293.0208333308543
262.6179547908312
106.44518076792815
293.3880467470549
174.91450582434297
368.82028533833807
252.85167043150233
272.8735037498203
221.23934021731927
154.34325926391756
162.05842870198322
261.78945861356175
199.32360422606286
319.95644979519847
142.03213654607066
341.9329855796664
359.4707150461576
505.38343197020845
205.08797872780116
359.1930972590203
150.62074306283571
162.70381467581166
262.0344612972569
119.42995201735864
385.4446952816686
435.4350575895914
301.55198738996444
93.30385899961429
294.85042279740645
287.7572876409758
525.0693534959836
154.6159807607337
185.38057817920756
203.9568817098209
180.93395193693442
260.9521135011438
347.1835068631308
365.26992140727634
267.28753738379703
227.23532779094276
170.0590151111663
446.61246572064897
303.01194886184254
301.88945170779505
256.73762640184526
486.2891760242336
239.87444151555553
354.01961590356507
411.4650083348088
72.79891394988309
284.36807428348374
330.3985843152404
271.296235025141
250.89348819440406
302.10676090144096
607.2836453634877
314.4245220747259
475.578916603886
172.1248008322438
261.3072826987472
195.7858489050191
224.31343754400302
239.50181642911448
293.79180091436365
250.63591791626925
104.78870033094852
108.08087587418201
365.0640138297243
207.79897347808247
299.1672948581585
162.3298586670971
143.88682411262695
347.5707984477694
362.532760571938
222.58200595115062
453.0058092936341
627.4988643972077
88.39857928630155
362.19538262438255
250.53491479285822
453.2113386714787
274.3114669597467
129.98294539435216
263.2228031922174
342.2909747085897
233.23015461094397
567.8449195305723
336.07185166612567
324.17916541167597
222.65290941574415
207.33119511633
185.39963560687636
228.64678568454187
476.8840188058181
156.98391446345016
182.57819008167488
321.00211749081785
365.10639952423287
154.47695573148243
118.19594635012045
242.1918127238712
196.91375354762013
145.29681053132018
243.67175831652926
313.6628695051213
190.82917651246206
287.8052067640435
211.8703925442346
325.75379775468554
181.05401490882863
371.24420373684376
256.5180507000452
255.31497176193497
267.2055600479365
273.1769116235852
382.15278196611337
262.4357567246699
179.93765762751445
142.1783991245265
228.01726622621464
422.0285140255106
482.6595678425441
323.187593385418
385.77797435955597
234.524773936791
373.3049370056905
335.50331811871325
489.8683074436433
299.550214276451
178.98524510366232
362.1434348671292
208.38267028955823
566.2610090867003
371.45235322193685
302.9345335411547
215.8104129349509
121.68852646803369
387.52643082619886
286.09619908124495
595.4389798586623
172.10923707185984
353.92752490555335
411.053428258687
247.1164581185976
188.669367160009
304.92991539093936
312.94224678450513
93.53242334245131
159.2752645150752
220.17611154637302
250.53420120169133
173.68089520747415
217.71990045748703
128.18849474811879
248.86894677086673
396.70533983743456
328.87520107397575
199.50843983344888
199.19236207533405
192.40097148101353
265.90962032117596
275.34302314519294
290.9940992092907
172.46248107511542
232.67100958522005
179.7629171497196
271.5365287972613
441.4241751680016
485.02721787304245
217.74523970214813
467.883086703243
342.5403592530186
278.0057719684761
182.17020941466808
133.9517419652392
201.1483760724666
187.77906036569064
280.4753877787963
636.5898449107469
259.4488738011872
381.3707457414801
315.0819205590823
237.65284138476204
186.6587002558993
189.43235090156955
274.3930094932551
176.42905627544982
223.55351871465513
347.93862469874404
369.50774940289415
493.7936436407902
277.1524975782997
388.58683712275604
279.0096858646737
505.1039640749766
364.1509204421278
112.89732175137738
70.83471776139484
307.9087978394115
599.4479864992045
360.38850554090453
158.02293156589323
108.72318575552806
332.84764483858856
436.5198612894142
250.3822737960455
226.03668358493422
102.14398860148903
368.18647409729897
324.53645947902555
209.87087830879284
342.1178060003961
258.795606670949
71.90132568355502
295.3717804751973
352.08715633128725
276.06580738572785
387.5737355517053
202.91522589433
177.20572951969598
126.49572346906699
266.7618733995763
346.6764314361594
355.7224141828416
124.25951045429476
203.07142172725557
152.16569691052786
259.87816780118544
277.38318541149675
296.0987741458066
199.82786856925418
184.36851096817384
427.5277179735784
125.58945174109593
193.80611116494597
146.0588776565313
375.41276268342915
223.74220159455788
236.16691152578395
99.72574564085997
101.49948236349528
124.720560958599
142.07363952427707
401.3889840931198
172.0249918967978
382.1187276248953
318.83142413013496
59.936959130913166
204.56625240095806
169.66518535689684
208.2371374259745
187.0358367691079
11.354661548310442
160.50657602398803
294.70342364058314
291.2712773529269
433.67248987840463
322.9237190955003
332.4571401666385
257.1002581888167
253.8261216208741
155.7747441860843
231.1532736476575
108.23588338731814
231.3857928655043
276.4140933198355
205.15085962132557
122.85438483369755
421.6007078531088
385.78751378509116
109.92741410471413
275.82880473223656
420.29312568024426
323.0742477476055
228.84741556617914
146.13794388107473
259.8798717566539
444.32517632884645
273.96903244047786
299.0704891574259
220.4459668810986
384.7296723953177
155.49299143583912
154.55359124054033
264.07815241661456
394.44158829076883
336.7110010046082
199.41670115552628
119.47021551530715
359.1006921316033
409.53108653974044
204.41659427728243
227.22628102815258
363.8890176089795
351.2260943904907
241.2140525884666
213.57149877249395
234.63365377541353
141.95182710962632
234.7466969770327
127.31193702173097
220.19379722819184
434.2020470995846
216.23237967303453
280.3543311338527
526.3341454872419
337.3327232891352
218.42303253277643
338.5107545777828
315.54962526277075
110.61024953311534
225.37477227916372
310.89329557455824
292.83237379641696
97.50300404727106
409.92381329176925
209.92411677689174
163.1591456268558
225.52702984258923
291.9047002617757
492.42892242381504
218.3399047747251
194.48708849245617
249.31017928135842
189.20496297496254
175.8046458468913
213.14382379943746
142.96202690288354
249.98780288395665
209.8649587351982
139.74663154931108
164.63825741950748
181.7561273367708
394.7954497913812
394.06494858234237
142.73334280935967
279.181325909028
168.14193825602499
188.67975366982273
182.4897447395491
419.2029183724457
145.9842551044711
243.88087102219416
364.2593809088366
215.8865333639926
421.6254263380205
312.4156103139326
393.55524716437986
226.9087523452103
182.6686342167978
136.96600571910236
301.5028081625971
413.0266019821162
343.54975395951243
268.79003270455513
354.24346387596614
199.81964414452545
157.58609824335863
285.01233944428077
587.7511763102794
287.65874556816806
402.2726938616908
220.92989430578066
87.08312703594441
257.87411798126146
243.94546479416596
353.1099655983959
146.55147255908713
236.34405656342398
366.9157890988108
127.84735985440965
483.03211090805263
319.35705315909775
357.1555324130788
223.97224499527786
293.11460481925025
173.9138654566024
75.92522565428706
385.72400809909726
333.6439103841662
262.61091252170996
202.70457456087365
337.1201266499905
381.6329557499195
308.8241911825299
369.41520123696995
144.27141949444834
416.94203787272676
318.3981960737337
301.85584079000046
574.2618594446529
259.77154377742653
201.87576133395402
110.25232341018916
467.28443445164714
440.69125811679174
373.809562490261
161.39256017198412
259.8566434019552
326.55942922802626
199.11832447246954
185.23417348156585
194.5638776410522
277.5979085516868
328.24131064308494
224.1005211475042
369.6335881715353
300.58684815267094
200.02350335388954
128.63397968026484
355.2600137719515
223.60088558171984
299.8873254241233
156.88723908881968
300.137142974378
261.59404402996785
193.8388987708921
246.01926151993206
263.15881175313854
213.25809286986527
214.77365690957973
253.53511458581013
458.16438852975637
147.01606594266843
203.0113045597408
191.4163589843802
472.5980180027104
265.56510905693744
263.1248293411297
455.93999445676945
402.15771620315087
137.21856999632266
173.5185729410536
354.9982946632387
404.05876500450967
135.27864521757496
190.3751986842282
203.15740825237384
127.98666213205175
136.9653955723643
261.6567153348508
330.56721973881037
106.8075117992592
250.59652896917382
499.0455457079848
240.83870458296107
215.3296233549906
211.01012393273342
236.8009649993033
293.35057997656526
169.54279087960674
422.14866204192435
152.81027569187603
344.7916045824602
282.5453182283779
370.00230257538067
241.38602390726
248.55905479606375
151.96001463051292
213.5903311502201
270.685599386984
420.8702958246346
330.6908480602693
312.2217128477313
183.8834838095168
102.30615808419006
334.72626042662205
197.857751341219
210.32071231871421
212.50496702141945
107.88833613108825
351.14828934636853
197.08328308310467
137.30385409196407
194.98248885649892
285.3036762656127
143.08955092399242
91.9437020484129
51.065428224227716
277.289240291466
334.89020597880716
205.8795889693234
104.37590894703487
353.7630639063305
379.8489832632011
206.79285657552305
168.80991847689572
347.3941342253002
179.51698043693332
198.51772004378472
196.80164462800408
286.96770284647084
485.13877648129875
361.23433372969356
342.7350342352943
328.0820699506692
263.369342365637
217.27329777564563
306.09297222206754
183.373793295454
223.86288241062263
273.3850179620487
302.48789179110827
245.02105677746016
325.5926283958604
224.66088782898976
157.8431976288224
256.4703014172815
464.7090677862257
151.02904306299808
111.28070047074173
614.6827743299308
202.74700499521404
329.18587282389745
210.3507894631983
203.77639644015193
328.7866623394648
109.34387768277793
411.7736112044895
382.08909023749277
270.3704870321431
226.4528729545103
255.49931942976195
239.01885224591155
340.3952095104378
271.1739293612479
223.3149604241055
213.29456844406732
356.675336107439
283.49855171792086
363.12619089931553
469.2352144450663
395.7272512692802
319.8165302247264
325.75981208531374
412.5558683089635
460.0441514201328
412.5014077027475
77.21894093068863
50.16482394262522
255.36239141827423
434.81384151058734
333.9823246387768
283.3522280686252
131.29050478867933
335.12574666204193
280.0775855206989
223.5436625216603
167.6951866645674
227.94543709183318
194.83094223153418
149.82442417523237
205.19150573443625
293.9490518587554
291.0471820903814
273.63044992596446
339.2926678123629
365.5633958256239
385.91411471798193
244.08940222987377
540.3499571336372
197.97570809816668
525.1394198724109
135.55150268811119
154.00128514119146
495.6965503134822
189.84198680200691
372.0880743786825
72.84459699102013
408.7295631913723
608.8778722999051
129.74225823902646
180.15599707146973
227.9378360459197
300.49043404292553
320.495085846568
416.6349606837741
264.7469272480698
181.64453645484738
90.52516369240956
119.06308850270146
515.4279642297879
79.44719766496105
147.08986479450408
304.6906054480561
214.6668539441738
225.4992412338422
190.19544737269217
250.32954921791438
120.2079060504821
57.34923491731753
378.92671621464274
86.21282216809043
298.31364388230503
200.73118445365301
93.90616864540729
260.38646908030995
316.9210661403225
337.2894910021129
239.36903379346285
336.656943991702
283.50823915879215
344.21276254926613
283.1368850338558
132.4887033393546
96.47052034745619
186.19030742410902
383.9965066673908
214.0989736784246
154.39166721482667
302.7524547345602
346.6991314277423
219.97186209056025
295.65468210999177
457.3672427322396
429.68142348032046
286.3784563524833
188.15790795536964
145.4998993228016
88.07598279655055
93.02431364238844
218.48960402432127
203.72162528761976
278.3487179978485
95.20462583370418
357.6820696455715
222.5361676211835
266.8551216695484
336.01070375337036
269.3399348905106
53.86908160720886
362.11627603437285
228.01597969500418
174.05180937879948
72.00003697331411
102.91991826455784
227.48547134536184
169.47991178554977
292.54090660536525
239.91193823029624
244.56074612826407
146.4682133802575
248.8522105744086
372.89960305476785
507.73346029150895
326.31802023988917
99.2844677492708
265.98208385442547
183.73991475870858
353.0502971144535
297.3536770360208
269.51902814792555
284.74030237775577
243.52500414999824
147.27156413232456
181.84689674357097
219.89802250750384
138.59649679777488
167.42304730784792
280.2383455145465
478.71832711993056
213.07339078320587
284.66877232617003
373.2447173442703
206.88912451971916
192.67023084119595
194.2882723340777
222.14295155828597
189.19182339356482
338.78282180647443
282.2003120389864
147.04306673259376
193.89278752959515
93.52946840849054
262.6007410305291
407.8078679030281
227.03708880793664
189.27054368978435
83.5307627757694
210.69549814477438
98.00986478898339
354.0325457067656
249.4179415373248
214.92380677637513
380.2564393927683
249.65855446660734
397.6904260369085
167.92428488801707
224.02700373967352
156.38571918482407
161.864685233151
300.91522893482994
264.77349851498155
211.7598454177811
323.46723350583744
251.91554274655698
219.53419252219217
97.23788158699635
469.503076687911
248.61550239743863
374.0813241192553
447.4808758840497
243.9318599287053
252.62235817826272
312.937991342184
361.63773367919816
114.9228934722287
333.7093136942008
206.00964970107543
116.80510610671313
90.31995631911111
194.54461602359376
297.0323667391702
366.69262874362505
137.80273395562415
249.5133787508943
309.7880418399268
158.87680280620978
265.11935018276046
177.93916180955623
61.91009388153935
304.4770572309853
112.03386310231215
119.78236136925365
200.80689386265115
323.783334920685
197.82394146283374
139.55965533895156
117.76995223459069
153.7241524221037
242.24277308391032
395.0734214511402
520.3262315212686
239.6814876691831
97.67026843513611
345.6429897081941
365.23068729441167
306.88778867822003
370.18411337520433
245.159624440395
368.8809200289034
456.71603737614413
288.25947873794536
271.2136359263704
245.78022272904832
415.3084513171917
129.68930307263958
476.6266042574865
156.0635969350259
210.43177790669577
244.41585667218297
212.629716713794
464.7499380304381
253.61630116117647
313.22485166905625
437.4935442620881
153.2156593731662
156.74112542873877
242.1552552506858
366.2737843483757
110.96237512407501
221.38413747429163
81.242411263158
390.0753561632546
350.03489354127254
216.35715057553898
209.05956176494766
163.97601670201595
166.2632345091142
196.536152157907
108.71584727559616
270.54576633475796
91.90679661251492
180.07794944025397
389.2543463028529
163.74971808684754
115.36547781782507
365.610828559775
107.4832793967381
220.3470837911477
236.74150469498488
189.63125896862172
196.9420756916713
203.74822208781475
220.41869680668592
355.4285580420812
173.43669293250497
263.21658785787696
203.2483582521634
342.25696406812614
186.12415992165575
501.151978551089
659.2352521013113
163.855621011426
330.9768376231149
170.52828479839164
257.0753292101429
567.1306425118798
181.2982937659673
365.45545240373076
210.23190278066483
297.268886700396
243.2656749773638
410.92941675960947
229.5189716522774
196.21690597336172
381.2434001083403
269.3659296729978
143.1031866189796
376.803370337426
564.7810932231657
144.12721952365504
374.00599624568196
72.93554970814986
117.38270977661948
399.43119376560355
379.8380966910394
167.57580703463708
59.71086283507803
311.52009834078433
100.68447315588361
