197.18476519310892
480.38284383170884
120.18801756906355
263.98194561231054
197.94095220495683
286.3652916401935
183.9917075707844
65.22301374196856
105.44035956339641
381.02091891330105
304.7511565916787
219.92976745781988
159.36890976558612
338.7569847777496
195.77310346044945
165.82460007774043
283.33961615800735
278.99853995516446
270.81606826995454
135.26650858867472
221.50859433237576
558.3438400263998
205.66158444495468
167.2005404160168
188.39252153825407
326.4659035620742
438.9954164241947
552.5216029956475
281.0551471469966
236.9611782869098
135.679284746132
122.60835674985532
189.707310776274
489.04566438277215
259.44557951639615
186.67817181732747
160.73357351072528
217.84203781920203
262.1809987338432
327.32126550571553
41.507634625676786
324.4869273466428
100.20306452835118
170.94982566423795
174.08033312017886
176.9695932190909
360.65721675697915
515.1297202464333
126.95711306200667
441.9729723705294
555.1961140320905
535.5596302510666
315.31164032278116
136.13844831293503
290.868521798626
197.0809133756956
250.70693292283138
183.405837457788
526.5759413166417
217.80200486960408
393.41289287589916
430.4998519123858
367.7843435920746
334.03682255680224
304.84752031804936
328.6900034266841
312.92743362169307
276.9394992550285
187.82992639774506
461.2351242723066
333.0364907011967
199.39863007502606
140.23160422458554
249.24462882965648
303.91482035480476
336.7840514653846
163.43632831550133
292.49644287889623
282.2890705196054
339.39188964079335
338.46738117399667
199.4075204411565
283.558971861117
420.6788984325729
317.5000704142535
254.19215023769397
149.4869811913851
342.9986792084091
112.72155917267452
317.80868244181823
282.90331587354154
460.6144117055431
171.85194785583425
153.9354188104032
461.6427271826459
241.76144391746143
488.8578237451086
201.94966403148277
253.86700663681714
161.11187796885653
243.42271010008167
474.4392206427854
279.22310921790086
239.64397214151822
370.4867434740871
168.2058801529038
222.0827152352701
141.09334889685354
535.342135129192
239.85310018166564
303.1876333621514
540.2585458297882
467.5543673723942
422.27791704532666
148.8856736535816
562.1134945415041
562.232434888236
99.08145004961214
279.37499567390597
190.5214431131773
255.11799940256108
401.77472821577874
249.1199752855277
496.3447683690837
306.57438164960945
388.54911292849175
414.14507660938165
253.1893153372676
308.4702455056725
172.3138415904086
272.01093355609663
255.28233086612946
396.37854821617753
244.30829895574178
118.96529581035648
293.2695028463824
248.56131879737785
326.84524407328115
393.1149558630301
108.07370860159018
250.94277719278196
258.95596838551387
578.5666364243667
194.3857404504212
410.32242064630356
412.933719743693
416.1740886312472
414.5899438597667
260.7992320531239
215.29692535096788
183.71090452803708
231.0896400276526
452.4689513223351
339.1743816074336
425.1104720641437
245.9527901332136
302.08595026397796
339.51441210368046
106.74640189448934
242.49983289623898
184.45372356509225
121.15969006312355
380.4109802333225
404.0037333893813
431.80335677426183
241.57469934133127
160.76324437253757
359.1689233617061
251.90260484553386
302.7664706183053
139.03566993034931
246.8075413916527
231.9628578211728
198.03261859532026
441.34491038094416
140.7056976704244
478.95930055466897
478.214044409114
388.83220605275346
316.0873673094121
283.2911814925792
114.82452906019618
316.4834895160572
188.68373741492545
397.8537393607276
272.7560979791927
294.3540462012764
238.65525250746234
166.49313408572564
174.81563696089802
282.3974663618894
215.0143155472814
345.14335005459685
153.21288085386826
368.84987472917925
387.76816976235256
545.1671086367053
221.2324583359977
387.46870389333327
162.47757542659303
175.5118213822195
282.66175616583297
128.8314531862526
415.78680953790706
469.7124011006255
325.2900892077915
100.6487010382841
318.06098216950323
310.4094745442863
566.4026813404716
166.78731825547771
199.97369628711556
220.01232438407501
195.17703450026616
281.4942042233628
374.5137147335489
394.0238868753607
288.3283543764972
245.12324293261148
183.44602419112712
481.76970547654633
326.86498506819373
325.6541258659142
276.94795566292544
524.5697593344249
258.75730482866504
381.8879594609243
443.85544238951337
78.52960594402161
306.75346644673175
356.4074896977
292.65261755224435
270.64376947702254
325.8885392387055
655.0888748953371
339.17595045144645
513.01638072167
185.67442791960426
281.8773354124643
211.19806951353158
241.9713417987007
258.3553472949045
316.9190281003768
270.36592195048854
113.03763544722126
116.58898414163119
393.80176325501213
224.1568608874236
322.71767620126013
175.1084342685761
155.21356387409733
374.931494390957
391.07125780465066
240.1036129304726
488.6663361115657
676.8954397610863
95.35727552167225
390.70732405243683
270.2569680327083
488.88803484992434
295.9052043463929
140.21517600835332
283.9436447513987
369.2360492208113
251.58998098647058
612.5455433845294
362.5273527627774
349.6984731505655
240.18009787338474
223.65226117197935
199.99425322108345
246.64581038515684
514.4242255340032
169.3416509153093
196.95070403361913
346.27133830862294
393.8475016932683
166.63734677184164
127.50030768654214
261.25709947072033
212.41476105450423
156.73453611254354
262.8535455610633
338.35434099223687
205.85120714501943
310.4611724372133
228.54878316954694
351.3970578131085
195.30655167685458
400.4684629867664
276.71109460872407
275.4133099025929
288.23992496372455
294.6813372710676
412.2357623583681
283.0946395968325
194.10231557741812
153.3706509973805
245.96673516839942
455.25050642864585
520.6544207482318
348.6288517461793
416.14633367874086
252.98651244062364
402.69142043909505
361.91406801318305
528.4306302193476
323.13073961336306
193.0749233413394
390.6512850396832
224.78650866739025
610.8369475457783
400.6929919345585
326.7814709348567
232.79896171547298
131.26781496826348
418.0324258758046
308.6176306513024
642.311790281337
185.65763479030483
381.7886172132468
443.411454590863
266.5694115850595
203.52137954271382
328.93393078947196
337.576988990026
100.89529256349599
171.8133813876045
237.50832716014125
270.25619828990153
187.3530154358363
234.8587628210327
138.27946259962948
268.45985544548523
427.933904327961
354.76418489747317
215.2136999715345
214.8727395647391
207.5467300447121
286.8419686775924
297.0179634354598
313.90108967898374
186.03869048971129
250.9868202268258
193.91381756924392
292.91182249511917
476.1729882113689
523.2084438526693
234.8860979044985
504.71473802019153
369.50505353400655
299.89032551019375
196.51061110908236
144.49640541783438
216.98273365876014
202.56098590576937
302.55434907653483
686.7020492172973
279.87263122578383
411.39215994035686
339.8850988761838
256.36082065991366
201.35243263661778
204.34442400409597
295.99316665613
190.31751487245438
241.15160262994902
375.32827423402114
398.5953166351748
532.6649811034163
298.96988005629663
419.1763094886612
300.9732683336884
544.8656494254325
392.8167951298584
121.78456779886004
76.4108309912859
332.1473142261446
646.6363949022908
388.7582139338801
170.462461056674
117.28185491899183
359.04933700470787
470.8826064705446
270.09231068626264
243.8302416974959
110.18475242689637
397.17003513841394
350.08389447217326
226.39186899021112
369.04924694012556
279.1679413606553
77.56135636307037
318.6233809322445
379.8033764442496
297.79764365028313
418.0834509844448
218.88866835405886
191.15532153741097
136.45342862593097
287.7613089519329
373.9667242393803
383.724803789086
134.0411938019572
219.0571592803811
164.14414763053838
280.33572026648847
299.21872857634145
319.40760559580485
215.55827429694355
198.88196148955052
461.1826012041176
135.47582190916714
209.06248316602978
157.55660174672605
404.9651766463082
241.3551385716509
254.75791881094682
107.57613748240772
109.48949277857176
134.5385335989206
153.25764441877172
432.9862368047922
185.56676130974432
412.19902281145545
343.92976259683707
64.65518680621177
220.66966326486832
183.02119387899242
224.6295196087864
201.75925713220016
12.248529362220184
173.1416132068146
317.9024120086343
314.20008384924716
467.8110857229408
348.3442041729476
358.62809064028477
277.3391358772903
273.80725692202196
168.037297306683
249.3496084927691
116.75618975318582
249.6004315884484
298.1733506867333
221.30029297636491
132.52546034148438
454.78902733449644
416.15662700310963
118.58088098146685
297.5419876105362
453.3785127906386
348.5065770898733
246.86223381780334
157.641891833464
280.3375585065821
479.3023454973452
295.53581413361854
322.6132496404098
237.79942603319785
415.01550282306897
167.733360698001
166.72002024444117
284.86632671915214
425.4919340474698
363.2168176992656
215.11474042560363
128.8748877423735
387.3690270163882
441.7692818047108
220.50822446063142
245.11348404541826
392.53428515131685
378.8745340694025
260.2023693576002
230.383800826832
253.1039631613756
153.12624766197217
253.2259052114717
137.33389951105048
237.5274039470711
468.3823432262423
233.25414505217557
302.42376074674326
567.7670506231314
363.88747653853613
235.6172458926398
365.15825075612076
340.38961737701163
119.3174616345888
243.1162249511462
335.3667509313065
315.88407154725365
105.17840847278373
442.1929186887218
226.44929675726385
176.00300489987862
243.28046816222763
314.88337563335693
531.1928074485189
235.52757441450876
209.79707074977443
268.9358224452978
204.0991367826721
189.64394451080003
229.92245946473767
154.21597182567874
269.66678829832273
226.38548323110572
150.7474573323771
177.5985520919287
196.06393078445336
425.8736671125325
425.0856483149299
153.96928199220017
301.15841943564266
181.37803756124276
203.53258183252092
196.8552945768899
452.20247941695135
157.4761024869249
263.0791194616694
392.93379709060446
232.88107366046847
454.8156826371359
337.0088966619548
424.53582705688495
244.7709591967316
197.04826892123094
147.74794005742066
325.23704714660965
445.53996582087433
370.59390746001566
289.9491266520121
382.12942866831025
215.5494017656304
169.99124309969284
307.4484501408202
634.0188077599545
310.30317435905414
433.9395121688386
238.32144726083828
93.93828494925341
278.1739115433333
263.1487979440292
380.90670293661634
158.08797925448147
254.94900863056424
395.79931365838337
137.91148540033137
521.0562918972723
344.49676350535447
385.27073446977636
241.60329139830205
316.18852118509506
187.6043289494804
81.90206443511258
416.0881125709932
359.9082793289468
283.2835860036149
218.66143205202627
363.65815055590195
411.6750151554243
333.13476386330706
398.4954804647085
155.62843523094705
449.76362075889534
343.4624375119324
325.6178631636578
619.4676220443378
280.2207018798238
217.76737677399527
118.93136692823322
504.0689660090474
475.3823798510494
403.23577410581356
174.0973486026517
280.3124995812128
352.266114057905
214.79287647716995
199.8157691924407
209.8799047967849
299.4503580922051
354.08039085804205
241.74166420650107
398.7310611365273
324.24898114524325
215.7693094770713
138.76001930482755
383.22600082732134
241.20269804261812
323.4943881142074
169.23736467799085
323.76387196809617
282.1866700953582
209.09785791078238
265.3858433656543
283.87461456741113
230.04572324795785
231.68059234551671
273.49334156498225
494.2309852581175
158.58914056719004
218.99231026629172
206.48461308659293
509.80082909056614
286.47033539715113
283.83795818862643
491.8314867860978
433.8154760383822
148.02038622980197
187.17791690840858
382.9436902414083
435.86617935418525
145.92775017227058
205.36149211754665
219.14991509057305
138.06173888686268
147.74728199220635
282.25427402404057
356.5893938583613
115.21537225622133
270.323433454813
538.3302960248368
259.79747365036707
232.28032442046305
227.62079400897386
255.4418852401642
316.44307221257316
182.88916686011245
455.3801051507696
164.8394624484328
371.93352816010594
304.7872206922667
399.1288093376862
260.3878784837452
268.1255683889976
163.92227723738964
230.404115427214
291.9939091349404
454.0011011730902
356.72276113777866
336.7997326696192
198.3587496572084
110.35966367928538
361.0758367254285
213.43307078605
226.87711262142452
229.23331009123882
116.38128003732206
378.79059840335657
212.59763757488818
148.11238040528067
210.33146681078958
307.7627220888218
154.35352327254483
99.18150155904812
55.08531131701907
299.1173887269095
361.2526936968709
222.08638558964958
112.59236760916109
381.6112084857175
409.750609960422
223.0715435766409
182.09860043858322
374.7409299151742
193.6485158563257
214.14499030720944
212.29382626866052
309.55773708633046
523.3287896115987
389.6706189808105
369.71505632351034
353.90861568407615
284.1017166922802
234.37700422846964
330.1885442075947
197.80894067461105
241.48531966510453
294.9058251837183
326.2996694787224
264.3090599597796
351.223211184393
242.34614355402596
170.26858161878795
276.65958708961153
501.2908625645358
162.91801935276712
120.04068886986389
663.0704708891467
218.70720701701404
355.09930845577776
226.90955891920655
219.81763019786854
354.66867834118966
117.95140609472624
444.188333305245
412.16706382105514
291.65399235261486
244.27919351886254
275.6121703985768
257.83436381041884
367.19104639013193
292.52068065222426
240.8942652489663
230.08506948349637
384.7527412481902
305.81549717114336
391.71140014575764
506.1733030061802
426.878810555451
344.99241474132936
351.4035460103734
445.03217213466735
496.25872315085684
444.97343644196786
83.29761555723393
54.113813597139455
275.46446233730666
469.0422970758786
360.2733405193918
305.6576523635328
141.62566008038283
361.5067668959402
302.1252312129742
241.14097057337983
180.89611527763347
245.8892520039588
210.1679915620067
161.61857216762527
221.34413438041733
317.08865289746046
313.9583513569904
295.17057821291604
366.00171001903436
394.3404648032243
416.2931856103459
263.30406596954253
582.8861738050632
213.56031195187734
566.4782715940121
146.2220924884136
166.12422673743325
534.7176807942357
204.78630888839766
401.37876747780524
78.5789215373547
440.9046550092378
656.8085934689444
139.95554207291838
194.337838568465
245.88105250465276
324.1449779593767
345.7243918985231
449.432370841764
285.58774516628483
195.94355521266914
97.65128199335588
128.4357110027567
556.0023251551645
85.70129213598744
158.66874248039008
328.675784724398
231.56538164265885
243.25049133845428
205.16758844558368
270.03543616256104
129.67063904196772
61.86376314683911
408.75574470028266
92.99948814060708
321.7968261183384
216.53269946443993
101.29844587306987
280.88403460774265
341.86902324022833
363.8408495611912
258.21211110109516
363.15850324204496
305.82594704042333
371.3091139567764
305.42535700675336
142.91818339591404
104.06465954468963
200.8471648446885
414.2246333247455
230.952796252214
166.5453399692011
326.5850578315692
373.9912130744848
237.28799921698774
318.9285519717725
493.37108845870756
463.5058442311182
308.92210500194824
202.96965828070148
156.95360981482997
95.00931629575165
100.34716421036286
235.68905762500086
219.75854632491237
300.2602670733949
102.6991164766463
385.83872581659506
240.05416583154624
287.8618975382179
362.4613962241725
290.54231487399926
58.109670086971185
390.62199007455246
245.96534734213452
187.75313047714437
77.66783870800798
111.02175269603897
245.39307771394408
182.8213336317687
315.5696610864623
258.7977529402786
263.81251353473505
157.99816782264352
268.44180156406986
402.2541873481182
547.7021100473471
352.0056996958196
107.10013074434714
286.92013485221145
198.20388495632247
380.8423371938602
320.76129201149143
290.7355073323685
307.1549957846556
262.69523821091343
158.86474957413503
196.16184549435224
237.20834621994524
149.50678150020101
180.6025575596406
302.2986424218793
516.4029192790099
229.84648107243285
307.0778341636235
402.62645568162174
223.17539020828312
207.8371891607055
209.5826020465988
239.62999607996423
204.0849614352571
365.4517335973797
304.41506046458454
158.61826971569388
209.15598267011856
100.89210161670069
283.272615470157
439.91041394793405
244.90939879499962
204.16987975106412
90.10630427366016
227.28140061346406
105.72517318125568
381.9019015494465
269.05206746242897
231.8425613455169
410.19013450930584
269.31161987687597
428.9965258194377
181.1432468134721
241.66236015822687
168.69637206037078
174.60664362309075
324.6032070281097
285.6164091039185
228.429534371947
348.9305017444086
271.74627946858726
236.815876410662
104.89244225459476
506.4622678170078
268.1864598376722
403.52892477835746
482.7064652188798
263.1341221503763
272.5087337853127
337.57239934911536
390.10576845635103
123.96959797982363
359.9788394700619
222.2266830969876
125.99998168427742
97.42992133218647
209.8591260326041
320.41468669822456
395.5585979701457
148.65052531474197
269.15501767580923
334.17448990612337
171.38355192547178
285.98948614720473
191.94649407975845
66.78363851181864
328.4454251032989
120.85314488723789
129.21160626907573
216.61436779959382
349.27148894137673
213.3966008865104
150.545762046446
127.0407771392852
165.82528469216334
261.31207025213126
426.1735128042539
561.2861903428974
258.5491618312801
105.35885054613115
372.8519286316606
393.98156297812454
331.0459306735401
399.32492654338023
264.45853596096464
397.9191439215522
492.66862676096326
310.95120093447446
292.5635148515063
265.1279878567714
448.00143747684626
139.89842116955032
514.1465470142407
168.34888957791193
226.99692288720982
263.65621950319314
229.36788139429848
501.3349470553079
273.58092054480153
337.8818413883865
471.93294795655936
165.27676151831227
169.07975619373096
261.2176631661175
395.106769925768
119.69732479105014
238.8114482615591
87.63780091360337
420.7819993842436
377.5895575515561
233.38873888608217
225.51668563780817
176.88417488472706
179.35144030472892
212.00743746228636
117.27393235134508
291.84306898548584
99.14166501873015
194.25364499871054
419.8963518141554
176.64006130225718
124.44702368641416
394.3916311851374
115.94433375809729
237.6927586497075
255.3777436662694
204.55899007454093
212.44531302105167
219.78723915412124
237.77000797728104
383.4078100983519
187.08959540443206
283.93694046010614
219.24802472094316
369.19934807023805
200.77581335914763
540.6025339823331
711.130100581333
176.7543005471987
357.03126167305766
183.95223351389834
277.3122416586848
611.7750370130217
195.57005176992067
394.22402124772265
226.78131269510854
320.66982726889137
262.41549487929177
443.27768672563707
247.5866546437028
211.66305669709752
411.2547950907046
290.5703557464072
154.3682307215201
406.46525634813736
609.2405416594925
155.47288382482827
403.44767326073736
78.6770304068606
126.62305021578996
430.874326752789
409.7388665644182
180.76733751566425
64.41129063261707
336.04289331884246
108.6103372040217
